2 2506 36403 23 0 2506316
2 2507 36403 23 2 2507316
2 2508 36403 23 6 2508316
2 2509 36403 23 6 2509316
2 2510 36403 23 6 2510316
2 2511 36403 23 4 2511316
2 2512 36403 23 4 2512316
2 2513 36403 23 4 2513316
2 2514 36403 23 4 2514316
2 2515 36403 23 6 2515316
2 2516 36403 23 2 2516316
2 2517 36403 23 4 2517316
2 2518 36403 23 6 2518316
2 2519 36403 23 6 2519316
2 2520 36403 23 4 2520316
2 2521 36403 23 0 2521316
2 2522 36403 23 4 2522316
2 2523 36403 23 6 2523316
2 2524 36403 23 6 2524316
2 2525 36403 23 4 2525316
2 2526 36403 23 4 2526316
2 2527 36403 23 4 2527316
2 2528 36403 23 6 2528316
2 2529 36403 23 4 2529316
2 2530 36403 23 4 2530316
2 2531 36403 23 4 2531316
2 2532 36403 23 4 2532316
2 2533 36403 23 6 2533316
2 2534 36403 23 6 2534316
2 2535 36403 23 6 2535316
2 2536 36403 23 4 2536316
2 2537 36403 23 6 2537316
2 2538 36403 23 4 2538316
2 2541 36403 23 6 2541316
2 2547 36403 23 4 2547316
2 2551 36403 23 2 2551316
2 2553 36403 23 0 2553316
2 2561 36403 23 2 2561316
2 2565 36403 23 6 2565316
2 2566 36403 23 6 2566316
2 2567 36403 23 6 2567316
2 2570 36403 23 4 2570316
2 2573 36403 23 4 2573316
2 2575 36403 23 6 2575316
2 2576 36403 23 4 2576316
2 2577 36403 23 4 2577316
2 2578 36403 23 6 2578316
2 2580 36403 23 6 2580316
2 2582 36403 23 4 2582316
2 2586 36403 23 6 2586316
2 2587 36403 23 6 2587316
2 2590 36403 23 11 2590316
2 2594 36403 23 6 2594316
2 2595 36403 23 4 2595316
2 2597 36403 23 6 2597316
2 2598 36403 23 6 2598316
2 2600 36403 23 6 2600316
2 2602 36403 23 0 2602316
2 2604 36403 23 6 2604316
2 2605 36403 23 9 2605316
2 2614 36403 23 4 2614316
2 2620 36403 23 0 2620316
2 2627 36403 23 2 2627316
2 2628 36403 23 2 2628316
2 2629 36403 23 4 2629316
2 2630 36403 23 4 2630316
2 2634 36403 23 6 2634316
2 2640 36403 23 6 2640316
2 2641 36403 23 6 2641316
2 2643 36403 23 2 2643316
2 2645 36403 23 4 2645316
2 2646 36403 23 4 2646316
2 2648 36403 23 6 2648316
2 2651 36403 23 6 2651316
2 2652 36403 23 6 2652316
2 2653 36403 23 4 2653316
2 2655 36403 23 16 2655316
2 2657 36403 23 4 2657316
2 2659 36403 23 6 2659316
2 2663 36403 23 4 2663316
2 2666 36403 23 6 2666316
2 2668 36403 23 2 2668316
2 2671 36403 23 4 2671316
2 2673 36403 23 0 2673316
2 2674 36403 23 4 2674316
2 2676 36403 23 6 2676316
2 2677 36403 23 6 2677316
2 2678 36403 23 4 2678316
2 2679 36403 23 4 2679316
2 2680 36403 23 4 2680316
2 2681 36403 23 11 2681316
2 2682 36403 23 6 2682316
2 2683 36403 23 4 2683316
2 2684 36403 23 4 2684316
2 2685 36403 23 4 2685316
2 2686 36403 23 6 2686316
2 2687 36403 23 4 2687316
2 2688 36403 23 6 2688316
2 2689 36403 23 4 2689316
2 2690 36403 23 4 2690316
2 2691 36403 23 6 2691316
2 2692 36403 23 6 2692316
2 2693 36403 23 9 2693316
2 2694 36403 23 6 2694316
2 2695 36403 23 6 2695316
2 2696 36403 23 6 2696316
2 2697 36403 23 4 2697316
2 2698 36403 23 6 2698316
2 2699 36403 23 6 2699316
2 2700 36403 23 9 2700316
2 2701 36403 23 4 2701316
2 2702 36403 23 6 2702316
2 2703 36403 23 6 2703316
2 2704 36403 23 6 2704316
2 2705 36403 23 4 2705316
2 2706 36403 23 2 2706316
2 2707 36403 23 6 2707316
2 2708 36403 23 4 2708316
2 2709 36403 23 9 2709316
2 2710 36403 23 6 2710316
2 2711 36403 23 4 2711316
2 2712 36403 23 2 2712316
2 2713 36403 23 2 2713316
2 2714 36403 23 2 2714316
2 2715 36403 23 4 2715316
2 2716 36403 23 6 2716316
2 2717 36403 23 6 2717316
2 2718 36403 23 4 2718316
2 2719 36403 23 6 2719316
2 2720 36403 23 6 2720316
2 2721 36403 23 4 2721316
2 2722 36403 23 4 2722316
2 2723 36403 23 4 2723316
2 2724 36403 23 0 2724316
2 2725 36403 23 4 2725316
2 2726 36403 23 6 2726316
2 2727 36403 23 6 2727316
2 2728 36403 23 6 2728316
2 2729 36403 23 4 2729316
2 2730 36403 23 4 2730316
2 2731 36403 23 9 2731316
2 2732 36403 23 4 2732316
2 2733 36403 23 6 2733316
2 2734 36403 23 6 2734316
2 2735 36403 23 4 2735316
2 2736 36403 23 13 2736316
2 2737 36403 23 4 2737316
2 2738 36403 23 4 2738316
2 2739 36403 23 4 2739316
2 2740 36403 23 6 2740316
2 2741 36403 23 2 2741316
2 2742 36403 25 0 2742316
2 2743 36403 25 6 2743316
2 2744 36403 23 6 2744316
2 2745 36403 25 2 2745316
2 2746 36403 25 9 2746316
